 (Prefix | Char) | Code    | String 
--------   ------  -------   ------
       0 |     1 |        4 | 1 
       0 |     2 |        5 | 2 
       0 |     3 |        6 | 3 
       0 |     4 |        7 | 4 
       0 |     5 |        8 | 5 
       0 |     6 |        9 | 6 
       0 |     7 |       10 | 7 
       0 |     8 |       11 | 8 
       0 |     9 |       12 | 9 
       0 |    10 |       13 | 10 
       0 |    11 |       14 | 11 
       0 |    12 |       15 | 12 
       0 |    13 |       16 | 13 
       0 |    14 |       17 | 14 
       0 |    15 |       18 | 15 
       0 |    16 |       19 | 16 
       0 |    17 |       20 | 17 
       0 |    18 |       21 | 18 
       0 |    19 |       22 | 19 
       0 |    20 |       23 | 20 
       0 |    21 |       24 | 21 
       0 |    22 |       25 | 22 
       0 |    23 |       26 | 23 
       0 |    24 |       27 | 24 
       0 |    25 |       28 | 25 
       0 |    26 |       29 | 26 
       0 |    27 |       30 | 27 
       0 |    28 |       31 | 28 
       0 |    29 |       32 | 29 
       0 |    30 |       33 | 30 
       0 |    31 |       34 | 31 
       0 |    32 |       35 |   
       0 |    33 |       36 | ! 
       0 |    34 |       37 | " 
       0 |    35 |       38 | # 
       0 |    36 |       39 | $ 
       0 |    37 |       40 | % 
       0 |    38 |       41 | & 
       0 |    39 |       42 | ' 
       0 |    40 |       43 | ( 
       0 |    41 |       44 | ) 
       0 |    42 |       45 | * 
       0 |    43 |       46 | + 
       0 |    44 |       47 | , 
       0 |    45 |       48 | - 
       0 |    46 |       49 | . 
       0 |    47 |       50 | / 
       0 |    48 |       51 | 0 
       0 |    49 |       52 | 1 
       0 |    50 |       53 | 2 
       0 |    51 |       54 | 3 
       0 |    52 |       55 | 4 
       0 |    53 |       56 | 5 
       0 |    54 |       57 | 6 
       0 |    55 |       58 | 7 
       0 |    56 |       59 | 8 
       0 |    57 |       60 | 9 
       0 |    58 |       61 | : 
       0 |    59 |       62 | ; 
       0 |    60 |       63 | < 
       0 |    61 |       64 | = 
       0 |    62 |       65 | > 
       0 |    63 |       66 | ? 
       0 |    64 |       67 | @ 
       0 |    65 |       68 | A 
       0 |    66 |       69 | B 
       0 |    67 |       70 | C 
       0 |    68 |       71 | D 
       0 |    69 |       72 | E 
       0 |    70 |       73 | F 
       0 |    71 |       74 | G 
       0 |    72 |       75 | H 
       0 |    73 |       76 | I 
       0 |    74 |       77 | J 
       0 |    75 |       78 | K 
       0 |    76 |       79 | L 
       0 |    77 |       80 | M 
       0 |    78 |       81 | N 
       0 |    79 |       82 | O 
       0 |    80 |       83 | P 
       0 |    81 |       84 | Q 
       0 |    82 |       85 | R 
       0 |    83 |       86 | S 
       0 |    84 |       87 | T 
       0 |    85 |       88 | U 
       0 |    86 |       89 | V 
       0 |    87 |       90 | W 
       0 |    88 |       91 | X 
       0 |    89 |       92 | Y 
       0 |    90 |       93 | Z 
       0 |    91 |       94 | [ 
       0 |    92 |       95 | \ 
       0 |    93 |       96 | ] 
       0 |    94 |       97 | ^ 
       0 |    95 |       98 | _ 
       0 |    96 |       99 | ` 
       0 |    97 |      100 | a 
       0 |    98 |      101 | b 
       0 |    99 |      102 | c 
       0 |   100 |      103 | d 
       0 |   101 |      104 | e 
       0 |   102 |      105 | f 
       0 |   103 |      106 | g 
       0 |   104 |      107 | h 
       0 |   105 |      108 | i 
       0 |   106 |      109 | j 
       0 |   107 |      110 | k 
       0 |   108 |      111 | l 
       0 |   109 |      112 | m 
       0 |   110 |      113 | n 
       0 |   111 |      114 | o 
       0 |   112 |      115 | p 
       0 |   113 |      116 | q 
       0 |   114 |      117 | r 
       0 |   115 |      118 | s 
       0 |   116 |      119 | t 
       0 |   117 |      120 | u 
       0 |   118 |      121 | v 
       0 |   119 |      122 | w 
       0 |   120 |      123 | x 
       0 |   121 |      124 | y 
       0 |   122 |      125 | z 
       0 |   123 |      126 | { 
       0 |   124 |      127 | | 
       0 |   125 |      128 | } 
       0 |   126 |      129 | ~ 
       0 |   127 |      130 |  
       0 |   128 |      131 | 128 
       0 |   129 |      132 | 129 
       0 |   130 |      133 | 130 
       0 |   131 |      134 | 131 
       0 |   132 |      135 | 132 
       0 |   133 |      136 | 133 
       0 |   134 |      137 | 134 
       0 |   135 |      138 | 135 
       0 |   136 |      139 | 136 
       0 |   137 |      140 | 137 
       0 |   138 |      141 | 138 
       0 |   139 |      142 | 139 
       0 |   140 |      143 | 140 
       0 |   141 |      144 | 141 
       0 |   142 |      145 | 142 
       0 |   143 |      146 | 143 
       0 |   144 |      147 | 144 
       0 |   145 |      148 | 145 
       0 |   146 |      149 | 146 
       0 |   147 |      150 | 147 
       0 |   148 |      151 | 148 
       0 |   149 |      152 | 149 
       0 |   150 |      153 | 150 
       0 |   151 |      154 | 151 
       0 |   152 |      155 | 152 
       0 |   153 |      156 | 153 
       0 |   154 |      157 | 154 
       0 |   155 |      158 | 155 
       0 |   156 |      159 | 156 
       0 |   157 |      160 | 157 
       0 |   158 |      161 | 158 
       0 |   159 |      162 | 159 
       0 |   160 |      163 | 160 
       0 |   161 |      164 | 161 
       0 |   162 |      165 | 162 
       0 |   163 |      166 | 163 
       0 |   164 |      167 | 164 
       0 |   165 |      168 | 165 
       0 |   166 |      169 | 166 
       0 |   167 |      170 | 167 
       0 |   168 |      171 | 168 
       0 |   169 |      172 | 169 
       0 |   170 |      173 | 170 
       0 |   171 |      174 | 171 
       0 |   172 |      175 | 172 
       0 |   173 |      176 | 173 
       0 |   174 |      177 | 174 
       0 |   175 |      178 | 175 
       0 |   176 |      179 | 176 
       0 |   177 |      180 | 177 
       0 |   178 |      181 | 178 
       0 |   179 |      182 | 179 
       0 |   180 |      183 | 180 
       0 |   181 |      184 | 181 
       0 |   182 |      185 | 182 
       0 |   183 |      186 | 183 
       0 |   184 |      187 | 184 
       0 |   185 |      188 | 185 
       0 |   186 |      189 | 186 
       0 |   187 |      190 | 187 
       0 |   188 |      191 | 188 
       0 |   189 |      192 | 189 
       0 |   190 |      193 | 190 
       0 |   191 |      194 | 191 
       0 |   192 |      195 | 192 
       0 |   193 |      196 | 193 
       0 |   194 |      197 | 194 
       0 |   195 |      198 | 195 
       0 |   196 |      199 | 196 
       0 |   197 |      200 | 197 
       0 |   198 |      201 | 198 
       0 |   199 |      202 | 199 
       0 |   200 |      203 | 200 
       0 |   201 |      204 | 201 
       0 |   202 |      205 | 202 
       0 |   203 |      206 | 203 
       0 |   204 |      207 | 204 
       0 |   205 |      208 | 205 
       0 |   206 |      209 | 206 
       0 |   207 |      210 | 207 
       0 |   208 |      211 | 208 
       0 |   209 |      212 | 209 
       0 |   210 |      213 | 210 
       0 |   211 |      214 | 211 
       0 |   212 |      215 | 212 
       0 |   213 |      216 | 213 
       0 |   214 |      217 | 214 
       0 |   215 |      218 | 215 
       0 |   216 |      219 | 216 
       0 |   217 |      220 | 217 
       0 |   218 |      221 | 218 
       0 |   219 |      222 | 219 
       0 |   220 |      223 | 220 
       0 |   221 |      224 | 221 
       0 |   222 |      225 | 222 
       0 |   223 |      226 | 223 
       0 |   224 |      227 | 224 
       0 |   225 |      228 | 225 
       0 |   226 |      229 | 226 
       0 |   227 |      230 | 227 
       0 |   228 |      231 | 228 
       0 |   229 |      232 | 229 
       0 |   230 |      233 | 230 
       0 |   231 |      234 | 231 
       0 |   232 |      235 | 232 
       0 |   233 |      236 | 233 
       0 |   234 |      237 | 234 
       0 |   235 |      238 | 235 
       0 |   236 |      239 | 236 
       0 |   237 |      240 | 237 
       0 |   238 |      241 | 238 
       0 |   239 |      242 | 239 
       0 |   240 |      243 | 240 
       0 |   241 |      244 | 241 
       0 |   242 |      245 | 242 
       0 |   243 |      246 | 243 
       0 |   244 |      247 | 244 
       0 |   245 |      248 | 245 
       0 |   246 |      249 | 246 
       0 |   247 |      250 | 247 
       0 |   248 |      251 | 248 
       0 |   249 |      252 | 249 
       0 |   250 |      253 | 250 
       0 |   251 |      254 | 251 
       0 |   252 |      255 | 252 
       0 |   253 |      256 | 253 
       0 |   254 |      257 | 254 
       0 |   255 |      258 | 255 
       3 |     1 |      259 | 0 1 
       4 |     2 |      260 | 1 2 
       5 |     3 |      261 | 2 3 
       6 |     4 |      262 | 3 4 
       7 |     5 |      263 | 4 5 
       8 |     6 |      264 | 5 6 
       9 |     7 |      265 | 6 7 
      10 |     8 |      266 | 7 8 
      11 |     9 |      267 | 8 9 
      12 |    10 |      268 | 9 10 
      13 |    11 |      269 | 10 11 
      14 |    12 |      270 | 11 12 
      15 |    13 |      271 | 12 13 
      16 |    14 |      272 | 13 14 
      17 |    15 |      273 | 14 15 
      18 |    16 |      274 | 15 16 
      19 |    17 |      275 | 16 17 
      20 |    18 |      276 | 17 18 
      21 |    19 |      277 | 18 19 
      22 |    20 |      278 | 19 20 
      23 |    21 |      279 | 20 21 
      24 |    22 |      280 | 21 22 
      25 |    23 |      281 | 22 23 
      26 |    24 |      282 | 23 24 
      27 |    25 |      283 | 24 25 
      28 |    26 |      284 | 25 26 
      29 |    27 |      285 | 26 27 
      30 |    28 |      286 | 27 28 
      31 |    29 |      287 | 28 29 
      32 |    30 |      288 | 29 30 
      33 |    31 |      289 | 30 31 
      34 |    32 |      290 | 31   
      35 |    33 |      291 |   ! 
      36 |    34 |      292 | ! " 
      37 |    35 |      293 | " # 
      38 |    36 |      294 | # $ 
      39 |    37 |      295 | $ % 
      40 |    38 |      296 | % & 
      41 |    39 |      297 | & ' 
      42 |    40 |      298 | ' ( 
      43 |    41 |      299 | ( ) 
      44 |    42 |      300 | ) * 
      45 |    43 |      301 | * + 
      46 |    44 |      302 | + , 
      47 |    45 |      303 | , - 
      48 |    46 |      304 | - . 
      49 |    47 |      305 | . / 
      50 |    48 |      306 | / 0 
      51 |    49 |      307 | 0 1 
      52 |    50 |      308 | 1 2 
      53 |    51 |      309 | 2 3 
      54 |    52 |      310 | 3 4 
      55 |    53 |      311 | 4 5 
      56 |    54 |      312 | 5 6 
      57 |    55 |      313 | 6 7 
      58 |    56 |      314 | 7 8 
      59 |    57 |      315 | 8 9 
      60 |    58 |      316 | 9 : 
      61 |    59 |      317 | : ; 
      62 |    60 |      318 | ; < 
      63 |    61 |      319 | < = 
      64 |    62 |      320 | = > 
      65 |    63 |      321 | > ? 
      66 |    64 |      322 | ? @ 
      67 |    65 |      323 | @ A 
      68 |    66 |      324 | A B 
      69 |    67 |      325 | B C 
      70 |    68 |      326 | C D 
      71 |    69 |      327 | D E 
      72 |    70 |      328 | E F 
      73 |    71 |      329 | F G 
      74 |    72 |      330 | G H 
      75 |    73 |      331 | H I 
      76 |    74 |      332 | I J 
      77 |    75 |      333 | J K 
      78 |    76 |      334 | K L 
      79 |    77 |      335 | L M 
      80 |    78 |      336 | M N 
      81 |    79 |      337 | N O 
      82 |    80 |      338 | O P 
      83 |    81 |      339 | P Q 
      84 |    82 |      340 | Q R 
      85 |    83 |      341 | R S 
      86 |    84 |      342 | S T 
      87 |    85 |      343 | T U 
      88 |    86 |      344 | U V 
      89 |    87 |      345 | V W 
      90 |    88 |      346 | W X 
      91 |    89 |      347 | X Y 
      92 |    90 |      348 | Y Z 
      93 |    91 |      349 | Z [ 
      94 |    92 |      350 | [ \ 
      95 |    93 |      351 | \ ] 
      96 |    94 |      352 | ] ^ 
      97 |    95 |      353 | ^ _ 
      98 |    96 |      354 | _ ` 
      99 |    97 |      355 | ` a 
     100 |    98 |      356 | a b 
     101 |    99 |      357 | b c 
     102 |   100 |      358 | c d 
     103 |   101 |      359 | d e 
     104 |   102 |      360 | e f 
     105 |   103 |      361 | f g 
     106 |   104 |      362 | g h 
     107 |   105 |      363 | h i 
     108 |   106 |      364 | i j 
     109 |   107 |      365 | j k 
     110 |   108 |      366 | k l 
     111 |   109 |      367 | l m 
     112 |   110 |      368 | m n 
     113 |   111 |      369 | n o 
     114 |   112 |      370 | o p 
     115 |   113 |      371 | p q 
     116 |   114 |      372 | q r 
     117 |   115 |      373 | r s 
     118 |   116 |      374 | s t 
     119 |   117 |      375 | t u 
     120 |   118 |      376 | u v 
     121 |   119 |      377 | v w 
     122 |   120 |      378 | w x 
     123 |   121 |      379 | x y 
     124 |   122 |      380 | y z 
     125 |   123 |      381 | z { 
     126 |   124 |      382 | { | 
     127 |   125 |      383 | | } 
     128 |   126 |      384 | } ~ 
     129 |   127 |      385 | ~  
     130 |   128 |      386 |  128 
     131 |   129 |      387 | 128 129 
     132 |   130 |      388 | 129 130 
     133 |   131 |      389 | 130 131 
     134 |   132 |      390 | 131 132 
     135 |   133 |      391 | 132 133 
     136 |   134 |      392 | 133 134 
     137 |   135 |      393 | 134 135 
     138 |   136 |      394 | 135 136 
     139 |   137 |      395 | 136 137 
     140 |   138 |      396 | 137 138 
     141 |   139 |      397 | 138 139 
     142 |   140 |      398 | 139 140 
     143 |   141 |      399 | 140 141 
     144 |   142 |      400 | 141 142 
     145 |   143 |      401 | 142 143 
     146 |   144 |      402 | 143 144 
     147 |   145 |      403 | 144 145 
     148 |   146 |      404 | 145 146 
     149 |   147 |      405 | 146 147 
     150 |   148 |      406 | 147 148 
     151 |   149 |      407 | 148 149 
     152 |   150 |      408 | 149 150 
     153 |   151 |      409 | 150 151 
     154 |   152 |      410 | 151 152 
     155 |   153 |      411 | 152 153 
     156 |   154 |      412 | 153 154 
     157 |   155 |      413 | 154 155 
     158 |   156 |      414 | 155 156 
     159 |   157 |      415 | 156 157 
     160 |   158 |      416 | 157 158 
     161 |   159 |      417 | 158 159 
     162 |   160 |      418 | 159 160 
     163 |   161 |      419 | 160 161 
     164 |   162 |      420 | 161 162 
     165 |   163 |      421 | 162 163 
     166 |   164 |      422 | 163 164 
     167 |   165 |      423 | 164 165 
     168 |   166 |      424 | 165 166 
     169 |   167 |      425 | 166 167 
     170 |   168 |      426 | 167 168 
     171 |   169 |      427 | 168 169 
     172 |   170 |      428 | 169 170 
     173 |   171 |      429 | 170 171 
     174 |   172 |      430 | 171 172 
     175 |   173 |      431 | 172 173 
     176 |   174 |      432 | 173 174 
     177 |   175 |      433 | 174 175 
     178 |   176 |      434 | 175 176 
     179 |   177 |      435 | 176 177 
     180 |   178 |      436 | 177 178 
     181 |   179 |      437 | 178 179 
     182 |   180 |      438 | 179 180 
     183 |   181 |      439 | 180 181 
     184 |   182 |      440 | 181 182 
     185 |   183 |      441 | 182 183 
     186 |   184 |      442 | 183 184 
     187 |   185 |      443 | 184 185 
     188 |   186 |      444 | 185 186 
     189 |   187 |      445 | 186 187 
     190 |   188 |      446 | 187 188 
     191 |   189 |      447 | 188 189 
     192 |   190 |      448 | 189 190 
     193 |   191 |      449 | 190 191 
     194 |   192 |      450 | 191 192 
     195 |   193 |      451 | 192 193 
     196 |   194 |      452 | 193 194 
     197 |   195 |      453 | 194 195 
     198 |   196 |      454 | 195 196 
     199 |   197 |      455 | 196 197 
     200 |   198 |      456 | 197 198 
     201 |   199 |      457 | 198 199 
     202 |   200 |      458 | 199 200 
     203 |   201 |      459 | 200 201 
     204 |   202 |      460 | 201 202 
     205 |   203 |      461 | 202 203 
     206 |   204 |      462 | 203 204 
     207 |   205 |      463 | 204 205 
     208 |   206 |      464 | 205 206 
     209 |   207 |      465 | 206 207 
     210 |   208 |      466 | 207 208 
     211 |   209 |      467 | 208 209 
     212 |   210 |      468 | 209 210 
     213 |   211 |      469 | 210 211 
     214 |   212 |      470 | 211 212 
     215 |   213 |      471 | 212 213 
     216 |   214 |      472 | 213 214 
     217 |   215 |      473 | 214 215 
     218 |   216 |      474 | 215 216 
     219 |   217 |      475 | 216 217 
     220 |   218 |      476 | 217 218 
     221 |   219 |      477 | 218 219 
     222 |   220 |      478 | 219 220 
     223 |   221 |      479 | 220 221 
     224 |   222 |      480 | 221 222 
     225 |   223 |      481 | 222 223 
     226 |   224 |      482 | 223 224 
     227 |   225 |      483 | 224 225 
     228 |   226 |      484 | 225 226 
     229 |   227 |      485 | 226 227 
     230 |   228 |      486 | 227 228 
     231 |   229 |      487 | 228 229 
     232 |   230 |      488 | 229 230 
     233 |   231 |      489 | 230 231 
     234 |   232 |      490 | 231 232 
     235 |   233 |      491 | 232 233 
     236 |   234 |      492 | 233 234 
     237 |   235 |      493 | 234 235 
     238 |   236 |      494 | 235 236 
     239 |   237 |      495 | 236 237 
     240 |   238 |      496 | 237 238 
     241 |   239 |      497 | 238 239 
     242 |   240 |      498 | 239 240 
     243 |   241 |      499 | 240 241 
     244 |   242 |      500 | 241 242 
     245 |   243 |      501 | 242 243 
     246 |   244 |      502 | 243 244 
     247 |   245 |      503 | 244 245 
     248 |   246 |      504 | 245 246 
     249 |   247 |      505 | 246 247 
     250 |   248 |      506 | 247 248 
     251 |   249 |      507 | 248 249 
     252 |   250 |      508 | 249 250 
     253 |   251 |      509 | 250 251 
     254 |   252 |      510 | 251 252 
