 (Prefix | Char) | Code  |  Times USED | String 
--------   ------  -------   -------     ------ 
       0 |     1 |        5 |     0 | 1 
       0 |     2 |        6 |     0 | 2 
       0 |     3 |        7 |     0 | 3 
       0 |     4 |        8 |     0 | 4 
       0 |     5 |        9 |     0 | 5 
       0 |     6 |       10 |     0 | 6 
       0 |     7 |       11 |     0 | 7 
       0 |     8 |       12 |     0 | 8 
       0 |     9 |       13 |     0 | 9 
       0 |    10 |       14 |     1 | 10 
       0 |    11 |       15 |     0 | 11 
       0 |    12 |       16 |     0 | 12 
       0 |    13 |       17 |     0 | 13 
       0 |    14 |       18 |     0 | 14 
       0 |    15 |       19 |     0 | 15 
       0 |    16 |       20 |     0 | 16 
       0 |    17 |       21 |     0 | 17 
       0 |    18 |       22 |     0 | 18 
       0 |    19 |       23 |     0 | 19 
       0 |    20 |       24 |     0 | 20 
       0 |    21 |       25 |     0 | 21 
       0 |    22 |       26 |     0 | 22 
       0 |    23 |       27 |     0 | 23 
       0 |    24 |       28 |     0 | 24 
       0 |    25 |       29 |     0 | 25 
       0 |    26 |       30 |     0 | 26 
       0 |    27 |       31 |     0 | 27 
       0 |    28 |       32 |     0 | 28 
       0 |    29 |       33 |     0 | 29 
       0 |    30 |       34 |     0 | 30 
       0 |    31 |       35 |     0 | 31 
       0 |    32 |       36 |     0 |   
       0 |    33 |       37 |     0 | ! 
       0 |    34 |       38 |     0 | " 
       0 |    35 |       39 |     0 | # 
       0 |    36 |       40 |     0 | $ 
       0 |    37 |       41 |     0 | % 
       0 |    38 |       42 |     0 | & 
       0 |    39 |       43 |     0 | ' 
       0 |    40 |       44 |     0 | ( 
       0 |    41 |       45 |     0 | ) 
       0 |    42 |       46 |     0 | * 
       0 |    43 |       47 |     0 | + 
       0 |    44 |       48 |     0 | , 
       0 |    45 |       49 |     0 | - 
       0 |    46 |       50 |     0 | . 
       0 |    47 |       51 |     0 | / 
       0 |    48 |       52 |     0 | 0 
       0 |    49 |       53 |     0 | 1 
       0 |    50 |       54 |     0 | 2 
       0 |    51 |       55 |     0 | 3 
       0 |    52 |       56 |     0 | 4 
       0 |    53 |       57 |     0 | 5 
       0 |    54 |       58 |     0 | 6 
       0 |    55 |       59 |     0 | 7 
       0 |    56 |       60 |     0 | 8 
       0 |    57 |       61 |     0 | 9 
       0 |    58 |       62 |     0 | : 
       0 |    59 |       63 |     0 | ; 
       0 |    60 |       64 |     0 | < 
       0 |    61 |       65 |     0 | = 
       0 |    62 |       66 |     0 | > 
       0 |    63 |       67 |     0 | ? 
       0 |    64 |       68 |     0 | @ 
       0 |    65 |       69 |     0 | A 
       0 |    66 |       70 |     0 | B 
       0 |    67 |       71 |     0 | C 
       0 |    68 |       72 |     0 | D 
       0 |    69 |       73 |     0 | E 
       0 |    70 |       74 |     0 | F 
       0 |    71 |       75 |     0 | G 
       0 |    72 |       76 |     0 | H 
       0 |    73 |       77 |     0 | I 
       0 |    74 |       78 |     0 | J 
       0 |    75 |       79 |     0 | K 
       0 |    76 |       80 |     0 | L 
       0 |    77 |       81 |     0 | M 
       0 |    78 |       82 |     0 | N 
       0 |    79 |       83 |     0 | O 
       0 |    80 |       84 |     0 | P 
       0 |    81 |       85 |     0 | Q 
       0 |    82 |       86 |     0 | R 
       0 |    83 |       87 |     0 | S 
       0 |    84 |       88 |     0 | T 
       0 |    85 |       89 |     0 | U 
       0 |    86 |       90 |     0 | V 
       0 |    87 |       91 |     0 | W 
       0 |    88 |       92 |     0 | X 
       0 |    89 |       93 |     0 | Y 
       0 |    90 |       94 |     0 | Z 
       0 |    91 |       95 |     0 | [ 
       0 |    92 |       96 |     0 | \ 
       0 |    93 |       97 |     0 | ] 
       0 |    94 |       98 |     0 | ^ 
       0 |    95 |       99 |     0 | _ 
       0 |    96 |      100 |     0 | ` 
       0 |    97 |      101 |     4 | a 
       0 |    98 |      102 |     0 | b 
       0 |    99 |      103 |     0 | c 
       0 |   100 |      104 |     0 | d 
       0 |   101 |      105 |     0 | e 
       0 |   102 |      106 |     0 | f 
       0 |   103 |      107 |     0 | g 
       0 |   104 |      108 |     0 | h 
       0 |   105 |      109 |     0 | i 
       0 |   106 |      110 |     0 | j 
       0 |   107 |      111 |     0 | k 
       0 |   108 |      112 |     0 | l 
       0 |   109 |      113 |     0 | m 
       0 |   110 |      114 |     0 | n 
       0 |   111 |      115 |     0 | o 
       0 |   112 |      116 |     0 | p 
       0 |   113 |      117 |     0 | q 
       0 |   114 |      118 |     0 | r 
       0 |   115 |      119 |     0 | s 
       0 |   116 |      120 |     0 | t 
       0 |   117 |      121 |     0 | u 
       0 |   118 |      122 |     0 | v 
       0 |   119 |      123 |     0 | w 
       0 |   120 |      124 |     0 | x 
       0 |   121 |      125 |     0 | y 
       0 |   122 |      126 |     0 | z 
       0 |   123 |      127 |     0 | { 
       0 |   124 |      128 |     0 | | 
       0 |   125 |      129 |     0 | } 
       0 |   126 |      130 |     0 | ~ 
       0 |   127 |      131 |     0 |  
       0 |   128 |      132 |     0 | 128 
       0 |   129 |      133 |     0 | 129 
       0 |   130 |      134 |     0 | 130 
       0 |   131 |      135 |     0 | 131 
       0 |   132 |      136 |     0 | 132 
       0 |   133 |      137 |     0 | 133 
       0 |   134 |      138 |     0 | 134 
       0 |   135 |      139 |     0 | 135 
       0 |   136 |      140 |     0 | 136 
       0 |   137 |      141 |     0 | 137 
       0 |   138 |      142 |     0 | 138 
       0 |   139 |      143 |     0 | 139 
       0 |   140 |      144 |     0 | 140 
       0 |   141 |      145 |     0 | 141 
       0 |   142 |      146 |     0 | 142 
       0 |   143 |      147 |     0 | 143 
       0 |   144 |      148 |     0 | 144 
       0 |   145 |      149 |     0 | 145 
       0 |   146 |      150 |     0 | 146 
       0 |   147 |      151 |     0 | 147 
       0 |   148 |      152 |     0 | 148 
       0 |   149 |      153 |     0 | 149 
       0 |   150 |      154 |     0 | 150 
       0 |   151 |      155 |     0 | 151 
       0 |   152 |      156 |     0 | 152 
       0 |   153 |      157 |     0 | 153 
       0 |   154 |      158 |     0 | 154 
       0 |   155 |      159 |     0 | 155 
       0 |   156 |      160 |     0 | 156 
       0 |   157 |      161 |     0 | 157 
       0 |   158 |      162 |     0 | 158 
       0 |   159 |      163 |     0 | 159 
       0 |   160 |      164 |     0 | 160 
       0 |   161 |      165 |     0 | 161 
       0 |   162 |      166 |     0 | 162 
       0 |   163 |      167 |     0 | 163 
       0 |   164 |      168 |     0 | 164 
       0 |   165 |      169 |     0 | 165 
       0 |   166 |      170 |     0 | 166 
       0 |   167 |      171 |     0 | 167 
       0 |   168 |      172 |     0 | 168 
       0 |   169 |      173 |     0 | 169 
       0 |   170 |      174 |     0 | 170 
       0 |   171 |      175 |     0 | 171 
       0 |   172 |      176 |     0 | 172 
       0 |   173 |      177 |     0 | 173 
       0 |   174 |      178 |     0 | 174 
       0 |   175 |      179 |     0 | 175 
       0 |   176 |      180 |     0 | 176 
       0 |   177 |      181 |     0 | 177 
       0 |   178 |      182 |     0 | 178 
       0 |   179 |      183 |     0 | 179 
       0 |   180 |      184 |     0 | 180 
       0 |   181 |      185 |     0 | 181 
       0 |   182 |      186 |     0 | 182 
       0 |   183 |      187 |     0 | 183 
       0 |   184 |      188 |     0 | 184 
       0 |   185 |      189 |     0 | 185 
       0 |   186 |      190 |     0 | 186 
       0 |   187 |      191 |     0 | 187 
       0 |   188 |      192 |     0 | 188 
       0 |   189 |      193 |     0 | 189 
       0 |   190 |      194 |     0 | 190 
       0 |   191 |      195 |     0 | 191 
       0 |   192 |      196 |     0 | 192 
       0 |   193 |      197 |     0 | 193 
       0 |   194 |      198 |     0 | 194 
       0 |   195 |      199 |     0 | 195 
       0 |   196 |      200 |     0 | 196 
       0 |   197 |      201 |     0 | 197 
       0 |   198 |      202 |     0 | 198 
       0 |   199 |      203 |     0 | 199 
       0 |   200 |      204 |     0 | 200 
       0 |   201 |      205 |     0 | 201 
       0 |   202 |      206 |     0 | 202 
       0 |   203 |      207 |     0 | 203 
       0 |   204 |      208 |     0 | 204 
       0 |   205 |      209 |     0 | 205 
       0 |   206 |      210 |     0 | 206 
       0 |   207 |      211 |     0 | 207 
       0 |   208 |      212 |     0 | 208 
       0 |   209 |      213 |     0 | 209 
       0 |   210 |      214 |     0 | 210 
       0 |   211 |      215 |     0 | 211 
       0 |   212 |      216 |     0 | 212 
       0 |   213 |      217 |     0 | 213 
       0 |   214 |      218 |     0 | 214 
       0 |   215 |      219 |     0 | 215 
       0 |   216 |      220 |     0 | 216 
       0 |   217 |      221 |     0 | 217 
       0 |   218 |      222 |     0 | 218 
       0 |   219 |      223 |     0 | 219 
       0 |   220 |      224 |     0 | 220 
       0 |   221 |      225 |     0 | 221 
       0 |   222 |      226 |     0 | 222 
       0 |   223 |      227 |     0 | 223 
       0 |   224 |      228 |     0 | 224 
       0 |   225 |      229 |     0 | 225 
       0 |   226 |      230 |     0 | 226 
       0 |   227 |      231 |     0 | 227 
       0 |   228 |      232 |     0 | 228 
       0 |   229 |      233 |     0 | 229 
       0 |   230 |      234 |     0 | 230 
       0 |   231 |      235 |     0 | 231 
       0 |   232 |      236 |     0 | 232 
       0 |   233 |      237 |     0 | 233 
       0 |   234 |      238 |     0 | 234 
       0 |   235 |      239 |     0 | 235 
       0 |   236 |      240 |     0 | 236 
       0 |   237 |      241 |     0 | 237 
       0 |   238 |      242 |     0 | 238 
       0 |   239 |      243 |     0 | 239 
       0 |   240 |      244 |     0 | 240 
       0 |   241 |      245 |     0 | 241 
       0 |   242 |      246 |     0 | 242 
       0 |   243 |      247 |     0 | 243 
       0 |   244 |      248 |     0 | 244 
       0 |   245 |      249 |     0 | 245 
       0 |   246 |      250 |     0 | 246 
       0 |   247 |      251 |     0 | 247 
       0 |   248 |      252 |     0 | 248 
       0 |   249 |      253 |     0 | 249 
       0 |   250 |      254 |     0 | 250 
       0 |   251 |      255 |     0 | 251 
       0 |   252 |      256 |     0 | 252 
       0 |   253 |      257 |     0 | 253 
       0 |   254 |      258 |     0 | 254 
       0 |   255 |      259 |     0 | 255 
     101 |    97 |      260 |     2 | a a 
     260 |    97 |      261 |     1 | a a a 
     261 |    97 |      262 |     0 | a a a a 
     262 |    10 |      263 |     0 | a a a a 10 
