69
83
84
73
77
65
84
69
32
111
102
32
116
105
109
101
267
111
32
99
111
109
112
108
101
116
271
97
115
115
105
103
110
270
110
116
58
32
56
48
32
104
111
117
114
115
10
10
9
303
9
83
116
97
114
116
9
84
269
101
10
68
97
281
312
314
306
112
101
290
9
87
111
114
107
274
276
278
280
101
100
10
45
338
45
9
339
340
342
343
344
346
338
10
49
48
47
50
52
9
50
48
58
48
48
355
358
360
82
101
97
100
32
115
323
99
44
368
308
310
267
104
105
110
107
378
103
264
266
324
275
100
315
350
352
53
9
350
362
361
51
360
73
277
279
289
281
367
104
283
104
267
97
98
279
349
351
50
391
49
56
394
50
58
396
9
65
100
387
367
115
308
103
271
49
32
118
101
300
105
111
110
383
32
385
111
387
372
104
121
98
114
105
367
309
114
97
121
32
100
115
32
102
328
454
101
386
388
412
391
356
419
360
49
467
9
364
102
378
335
373
97
428
32
430
458
114
439
110
462
372
112
447
290
381
373
488
103
115
46
411
352
54
392
357
420
469
420
398
333
401
490
116
104
271
426
97
99
107
46
32
496
50
498
49
52
470
418
359
9
504
400
324
268
110
103
372
387
98
117
103
103
490
387
462
457
459
511
478
49
495
302
9
312
79
84
65
76
58
304
10
